{
    "tonal": {
        "hpcp": {
            "max": [
                1, 1, 1, 1, 1, 1, 1, 1, 1, 1, 1, 1, 1, 1, 1, 1, 1, 1, 1, 1, 1, 1, 1, 1, 1, 1, 1, 1,
                1, 1, 1, 1, 1, 1, 1, 1
            ],
            "min": [
                0, 0, 0, 0, 0, 0, 0, 0, 0, 0, 0, 0, 0, 0, 0, 0, 0, 0, 0, 0, 0, 0, 0, 0, 0, 0, 0, 0,
                0, 0, 0, 0, 0, 0, 0, 0
            ],
            "var": [
                0.0896313935518, 0.081101089716, 0.0382672771811, 0.0266578197479, 0.0271660182625,
                0.030528485775, 0.0687270238996, 0.0951429307461, 0.0573902316391, 0.0542519688606,
                0.0524764023721, 0.0366608537734, 0.0273488461971, 0.0254550110549, 0.0287980623543,
                0.0448190383613, 0.0742269083858, 0.0778883397579, 0.059079553932, 0.0510921217501,
                0.0465641506016, 0.061811696738, 0.070346288383, 0.0741052925587, 0.123762749135,
                0.0826004296541, 0.036677479744, 0.0233689695597, 0.0254980325699, 0.0230469033122,
                0.0301476866007, 0.0297139361501, 0.0207526050508, 0.023151313886, 0.028526281938,
                0.0453737340868
            ],
            "dvar": [
                0.0520004928112, 0.0491154491901, 0.0421999245882, 0.0370385237038, 0.0359124578536,
                0.0355931334198, 0.0378954298794, 0.0401741340756, 0.0511520504951, 0.0486508235335,
                0.044600341469, 0.0429392904043, 0.035331338644, 0.0342386178672, 0.0409511812031,
                0.0486490540206, 0.0587837360799, 0.0659085959196, 0.0649425312877, 0.060634214431,
                0.0510658472776, 0.0565580651164, 0.0633841007948, 0.0671354159713, 0.081662632525,
                0.0595752075315, 0.050056271255, 0.0333565361798, 0.0308574661613, 0.0307971052825,
                0.0368106923997, 0.0342728048563, 0.0302618145943, 0.0350528210402, 0.040106613189,
                0.0457297153771
            ],
            "mean": [
                0.184673011303, 0.178793132305, 0.105432741344, 0.0722575336695, 0.0711727291346,
                0.0861056149006, 0.152789518237, 0.191155672073, 0.152092471719, 0.138873845339,
                0.13215713203, 0.0956071391702, 0.0739266574383, 0.0671331733465, 0.0687022805214,
                0.0984453484416, 0.143416747451, 0.151927813888, 0.125771671534, 0.102816902101,
                0.105637043715, 0.144168972969, 0.160297691822, 0.188552856445, 0.236636921763,
                0.172499448061, 0.0810632258654, 0.0663761198521, 0.0689494162798, 0.0670446008444,
                0.0786540284753, 0.0771800875664, 0.0575697720051, 0.0590371750295, 0.0742375850677,
                0.115206263959
            ],
            "dmean": [
                0.136869058013, 0.139581486583, 0.118446283042, 0.0975023135543, 0.0942645072937,
                0.103732667863, 0.117613837123, 0.121375955641, 0.150767862797, 0.139259278774,
                0.125934913754, 0.109870441258, 0.0903999581933, 0.085035212338, 0.0919890031219,
                0.112696036696, 0.131196036935, 0.148727536201, 0.147181123495, 0.131080403924,
                0.126232236624, 0.145510405302, 0.161622732878, 0.194800511003, 0.196069926023,
                0.162081032991, 0.110949888825, 0.0857146605849, 0.0767892301083, 0.0787896662951,
                0.0921323373914, 0.0873706787825, 0.0770243406296, 0.085024818778, 0.101651199162,
                0.125743970275
            ],
            "dvar2": [
                0.129655823112, 0.123328343034, 0.120359458029, 0.107335612178, 0.100042499602,
                0.0968166962266, 0.103448487818, 0.107667252421, 0.143045455217, 0.134356439114,
                0.120317161083, 0.124417074025, 0.100318141282, 0.0940572619438, 0.115965403616,
                0.138365283608, 0.161361917853, 0.18185287714, 0.178474724293, 0.163448467851,
                0.137912869453, 0.147723868489, 0.16208897531, 0.177859395742, 0.214037030935,
                0.15974470973, 0.142756104469, 0.0962358638644, 0.0883893147111, 0.0862449407578,
                0.100730963051, 0.0933766141534, 0.0855615362525, 0.0982683971524, 0.112623997033,
                0.126390784979
            ],
            "dmean2": [
                0.238101199269, 0.24056699872, 0.212144657969, 0.179677933455, 0.173544570804,
                0.187638774514, 0.209813341498, 0.214909359813, 0.27151170373, 0.248486816883,
                0.222525030375, 0.198929160833, 0.164437323809, 0.155481785536, 0.170279026031,
                0.205340564251, 0.240244567394, 0.271617233753, 0.269942253828, 0.240923941135,
                0.228925198317, 0.258567005396, 0.286511868238, 0.347648799419, 0.3541405797,
                0.29191455245, 0.205672428012, 0.157780751586, 0.140602737665, 0.145198538899,
                0.168314725161, 0.158042654395, 0.142953619361, 0.158259347081, 0.187902778387,
                0.224496245384
            ],
            "median": [
                0.0366628170013, 0.0373177044094, 0.0224424824119, 0.0127074094489, 0.0116036944091,
                0.0162402447313, 0.0299107860774, 0.0357663743198, 0.0372262150049, 0.0362101010978,
                0.0276421904564, 0.0215357933193, 0.0163281653076, 0.0131920054555, 0.0121160577983,
                0.0148702710867, 0.0186375956982, 0.0203106235713, 0.0181745514274, 0.0122277569026,
                0.0139367124066, 0.0310888513923, 0.0369329154491, 0.0535908713937, 0.0302205570042,
                0.0201649256051, 0.0120177632198, 0.0136015377939, 0.0119262002409, 0.0133404657245,
                0.018000645563, 0.0158022884279, 0.0100144501776, 0.00890791043639, 0.0126570761204,
                0.0214064531028
            ]
        },
        "thpcp": [
            1, 0.728962540627, 0.342563718557, 0.280497729778, 0.291372179985, 0.283322662115,
            0.33238273859, 0.326154023409, 0.243283137679, 0.249484211206, 0.31371936202,
            0.486848205328, 0.780406594276, 0.755558907986, 0.445546448231, 0.305351912975,
            0.300767630339, 0.363872259855, 0.64567065239, 0.807801544666, 0.642725050449,
            0.586864650249, 0.558480620384, 0.404024600983, 0.312405407429, 0.283696949482,
            0.290327817202, 0.416018545628, 0.606062412262, 0.642029225826, 0.531496405602,
            0.434492230415, 0.44640982151, 0.609241247177, 0.677399337292, 0.796802341938
        ],
        "key_key": "A",
        "key_scale": "minor",
        "chords_key": "A",
        "chords_scale": "minor",
        "hpcp_entropy": {
            "max": 4.5366024971,
            "min": 0,
            "var": 0.637982964516,
            "dvar": 0.309807598591,
            "mean": 2.36103534698,
            "dmean": 0.680442154408,
            "dvar2": 0.851248800755,
            "dmean2": 1.14373099804,
            "median": 2.33002138138
        },
        "key_strength": 0.742211639881,
        "chords_strength": {
            "max": 0.785924971104,
            "min": -1,
            "var": 0.0200271401554,
            "dvar": 0.000551298435312,
            "mean": 0.503166735172,
            "dmean": 0.0139685440809,
            "dvar2": 0.00108624983113,
            "dmean2": 0.0150944553316,
            "median": 0.510388731956
        },
        "chords_histogram": [
            37.9254837036, 1.08095681667, 0.459981590509, 7.95768165588, 6.37074518204,
            2.59889602661, 0.045998159796, 7.10671567917, 0.091996319592, 0.229990795255,
            0.666973292828, 6.46274137497, 0, 0, 0.735970556736, 0.252989888191, 1.56393742561,
            1.10395586491, 0.114995397627, 0, 0.045998159796, 1.56393742561, 7.40570354462,
            16.2143516541
        ],
        "tuning_frequency": 434.193115234,
        "chords_number_rate": 0.00275988969952,
        "chords_changes_rate": 0.0772769078612,
        "tuning_diatonic_strength": 0.594181478024,
        "tuning_equal_tempered_deviation": 0.238814458251,
        "tuning_nontempered_energy_ratio": 0.903034508228
    },
    "rhythm": {
        "bpm": 97.0005645752,
        "onset_rate": 3.72509050369,
        "beats_count": 322,
        "danceability": 1.34798836708,
        "beats_loudness": {
            "max": 0.231812492013,
            "min": 0.00000000163512237084,
            "var": 0.00150574138388,
            "dvar": 0.00136692787055,
            "mean": 0.0668173357844,
            "dmean": 0.0417142696679,
            "dvar2": 0.00370270409621,
            "dmean2": 0.0748958960176,
            "median": 0.0567890256643
        },
        "beats_position": [
            0.650158703327, 1.31192743778, 1.9620860815, 2.62385487556, 3.28562355042,
            3.94739222527, 4.57433080673, 5.20126962662, 5.83981847763, 6.47836732864,
            7.11691617966, 7.73224496841, 8.34757328033, 8.96290206909, 9.57823085785,
            10.1935596466, 10.8204984665, 11.4474372864, 12.0743761063, 12.7013149261, 13.328253746,
            13.9551925659, 14.5821313858, 15.2090702057, 15.8360090256, 16.4629478455,
            17.0898857117, 17.7168254852, 18.3437633514, 18.970703125, 19.5860309601, 20.2013607025,
            20.8166885376, 21.43201828, 22.0473461151, 22.6626758575, 23.2663936615, 23.8701133728,
            24.4738311768, 25.0891609192, 25.7044887543, 26.3082084656, 26.9119262695,
            27.5156459808, 28.1193637848, 28.7346935272, 29.3500213623, 29.9537410736,
            30.5690689087, 31.1843986511, 31.7997264862, 32.4150543213, 33.0303840637,
            33.6457138062, 34.2610435486, 34.8763694763, 35.480091095, 36.0954170227, 36.7107467651,
            37.3376846313, 37.9530143738, 38.5683441162, 39.1836738586, 39.7989997864,
            40.4259414673, 41.0528793335, 41.6682090759, 42.2835350037, 42.8988647461,
            43.5141944885, 44.1411323547, 44.7564620972, 45.3717918396, 45.9987297058, 46.625667572,
            47.2409973145, 47.8563270569, 48.4832649231, 49.0869827271, 49.7139205933,
            50.3292503357, 50.9445800781, 51.5599098206, 52.1752357483, 52.7905654907,
            53.4058952332, 54.0096130371, 54.6249427795, 55.240272522, 55.8439903259, 56.4593200684,
            57.0746459961, 57.6899757385, 58.305305481, 58.9322433472, 59.5591812134, 60.1745109558,
            60.7898406982, 61.4167785645, 62.0321083069, 62.6474380493, 63.2627639771,
            63.8780937195, 64.4818115234, 65.0971450806, 65.7124710083, 66.3394088745,
            66.9547348022, 67.5700683594, 68.1970062256, 68.8123321533, 69.4276657104,
            70.0546035767, 70.6815414429, 71.2968673706, 71.9122009277, 72.5391387939,
            73.1544647217, 73.7697982788, 74.3735122681, 74.9772338867, 75.580947876, 76.1846694946,
            76.7883911133, 77.3921051025, 77.9842147827, 78.5763244629, 79.1800460815,
            79.7605438232, 80.3642578125, 80.9912033081, 81.6065292358, 82.2218551636,
            82.8487930298, 83.4757385254, 84.1026763916, 84.7296142578, 85.3449401855,
            85.9602737427, 86.5872116089, 87.2141494751, 87.8526992798, 88.4912490845,
            89.1297912598, 89.7915649414, 90.4533309937, 91.1150970459, 91.788482666, 92.4618606567,
            93.123626709, 93.7853927612, 94.458770752, 95.1321487427, 95.8055343628, 96.467300415,
            97.1290664673, 97.7908401489, 98.4526062012, 99.1027679443, 99.7761459351,
            100.449523926, 101.09967804, 101.749839783, 102.400001526, 103.061767578, 103.711929321,
            104.362083435, 105.012245178, 105.662399292, 106.324172974, 106.985939026,
            107.636100769, 108.286254883, 108.866752625, 109.447257996, 110.109024048, 110.7707901,
            111.432563782, 112.071105957, 112.709655762, 113.348205566, 113.986755371,
            114.625305176, 115.26385498, 115.902404785, 116.54094696, 117.179496765, 117.81804657,
            118.456596375, 119.095146179, 119.733695984, 120.372245789, 121.010787964,
            121.649337769, 122.287887573, 122.914825439, 123.564987183, 124.215148926,
            124.853691101, 125.492240906, 126.13079071, 126.757728577, 127.384666443, 127.988388062,
            128.615325928, 129.230651855, 129.857589722, 130.472915649, 131.088256836,
            131.703582764, 132.307296753, 132.922622681, 133.537963867, 134.153289795,
            134.768615723, 135.372329712, 135.97605896, 136.591384888, 137.206710815, 137.810424805,
            138.425750732, 139.041091919, 139.656417847, 140.271743774, 140.887069702, 141.50239563,
            142.117736816, 142.733062744, 143.348388672, 143.9637146, 144.579040527, 145.194366455,
            145.798095703, 146.425033569, 147.040359497, 147.667297363, 148.282623291,
            148.897949219, 149.513290405, 150.140228271, 150.767166138, 151.382492065,
            151.997817993, 152.613143921, 153.228485107, 153.843811035, 154.459136963,
            155.086074829, 155.713012695, 156.328338623, 156.943664551, 157.559005737,
            158.174331665, 158.789657593, 159.404983521, 160.020309448, 160.635650635,
            161.250976562, 161.854690552, 162.470016479, 163.085342407, 163.700683594,
            164.316009521, 164.931335449, 165.546661377, 166.161987305, 166.788925171,
            167.404266357, 168.019592285, 168.646530151, 169.261856079, 169.877182007,
            170.492507935, 171.107849121, 171.723175049, 172.338500977, 172.942214966,
            173.557540894, 174.17288208, 174.799819946, 175.426757812, 176.053695679, 176.680633545,
            177.307571411, 177.934509277, 178.549835205, 179.165161133, 179.792098999,
            180.419036865, 181.04598999, 181.672927856, 182.276641846, 182.880355835, 183.484085083,
            184.099411011, 184.714736938, 185.318450928, 185.922180176, 186.525894165,
            187.129608154, 187.733337402, 188.337051392, 188.940765381, 189.556091309,
            190.171432495, 190.798370361, 191.425308228, 192.052246094, 192.667572021,
            193.282897949, 193.909835815, 194.536773682, 195.163711548, 195.802261353,
            196.464035034, 197.137405396, 197.834014893, 198.530609131, 199.227203369,
            199.935409546, 200.643630981, 201.351837158
        ],
        "beats_loudness_band_ratio": {
            "max": [
                0.992881834507, 0.506987631321, 0.434475630522, 0.510974109173, 0.268647491932,
                0.682190656662
            ],
            "min": [
                0.152595847845, 0.0000229840334214, 0.0000559988766327, 0.000129645733978,
                0.000138455288834, 0.00351234548725
            ],
            "var": [
                0.0477708652616, 0.00767557602376, 0.00424793921411, 0.00559992250055,
                0.00201579928398, 0.00979866273701
            ],
            "dvar": [
                0.0350684225559, 0.00756844785064, 0.00492979120463, 0.00751063833013,
                0.0019960179925, 0.010208459571
            ],
            "mean": [
                0.691563546658, 0.0774567648768, 0.0490197204053, 0.043876260519, 0.044380415231,
                0.111637480557
            ],
            "dmean": [
                0.225325927138, 0.0751222670078, 0.053451038897, 0.0536224208772, 0.0385433472693,
                0.0942639857531
            ],
            "dvar2": [
                0.0950984805822, 0.0205895695835, 0.0157028306276, 0.0233316142112,
                0.00572923570871, 0.0292076375335
            ],
            "dmean2": [
                0.400611579418, 0.133109807968, 0.0970791429281, 0.0994177758694, 0.06876270473,
                0.166672661901
            ],
            "median": [
                0.762984633446, 0.0445920154452, 0.0251881852746, 0.0163442883641, 0.029030803591,
                0.079334013164
            ]
        },
        "bpm_histogram_first_peak_bpm": {
            "max": 98,
            "min": 98,
            "var": 0,
            "dvar": 0,
            "mean": 98,
            "dmean": 0,
            "dvar2": 0,
            "dmean2": 0,
            "median": 98
        },
        "bpm_histogram_second_peak_bpm": {
            "max": 91,
            "min": 91,
            "var": 0,
            "dvar": 0,
            "mean": 91,
            "dmean": 0,
            "dvar2": 0,
            "dmean2": 0,
            "median": 91
        },
        "bpm_histogram_first_peak_spread": {
            "max": 0.357933551073,
            "min": 0.357933551073,
            "var": 0,
            "dvar": 0,
            "mean": 0.357933551073,
            "dmean": 0,
            "dvar2": 0,
            "dmean2": 0,
            "median": 0.357933551073
        },
        "bpm_histogram_first_peak_weight": {
            "max": 0.542056083679,
            "min": 0.542056083679,
            "var": 0,
            "dvar": 0,
            "mean": 0.542056083679,
            "dmean": 0,
            "dvar2": 0,
            "dmean2": 0,
            "median": 0.542056083679
        },
        "bpm_histogram_second_peak_spread": {
            "max": 0.195122048259,
            "min": 0.195122048259,
            "var": 0,
            "dvar": 0,
            "mean": 0.195122048259,
            "dmean": 0,
            "dvar2": 0,
            "dmean2": 0,
            "median": 0.195122048259
        },
        "bpm_histogram_second_peak_weight": {
            "max": 0.102803736925,
            "min": 0.102803736925,
            "var": 0,
            "dvar": 0,
            "mean": 0.102803736925,
            "dmean": 0,
            "dvar2": 0,
            "dmean2": 0,
            "median": 0.102803736925
        }
    },
    "lowlevel": {
        "hfc": {
            "max": 602.349243164,
            "min": 0.000000000000000124158248227,
            "var": 951.220947266,
            "dvar": 726.03894043,
            "mean": 37.4856376648,
            "dmean": 13.493391037,
            "dvar2": 1904.8145752,
            "dmean2": 21.1748256683,
            "median": 32.3357963562
        },
        "gfcc": {
            "cov": [
                [
                    19747.0429688, 1182.02246094, -1398.28405762, -83.8891220093, -840.663269043,
                    -60.0860671997, -408.279388428, 37.1841888428, -567.166137695, -28.6442966461,
                    -321.289215088, -87.1232910156, -45.6894683838
                ],
                [
                    1182.02246094, 1157.90063477, -511.961456299, 228.079421997, -33.5842475891,
                    -116.475967407, 39.4438056946, -86.4959869385, 26.7888469696, -54.0168952942,
                    8.87089443207, -32.9790916443, 69.6762008667
                ],
                [
                    -1398.28405762, -511.961456299, 1009.15124512, -128.421112061, 68.6298141479,
                    -59.1553382874, 16.3597888947, 105.857826233, 37.2358398438, 17.6995315552,
                    20.2043571472, 52.2406616211, -77.5010452271
                ],
                [
                    -83.8891220093, 228.079421997, -128.421112061, 518.64251709, 60.1882553101,
                    29.7716598511, 1.83693122864, -23.0739898682, 63.996723175, 3.29187631607,
                    -0.554755866528, -39.9095497131, 52.6973266602
                ],
                [
                    -840.663269043, -33.5842475891, 68.6298141479, 60.1882553101, 205.341217041,
                    54.0217323303, 33.5736885071, -14.0283851624, 48.9217910767, 12.8325939178,
                    15.1963434219, 4.68217229843, -5.78475809097
                ],
                [
                    -60.0860671997, -116.475967407, -59.1553382874, 29.7716598511, 54.0217323303,
                    255.879272461, -21.0351638794, -3.65749955177, -1.78179621696, 18.0638198853,
                    18.3539047241, -28.2753124237, -6.80602169037
                ],
                [
                    -408.279388428, 39.4438056946, 16.3597888947, 1.83693122864, 33.5736885071,
                    -21.0351638794, 197.741470337, 41.5967750549, -17.7371234894, -20.6246147156,
                    12.5741519928, 20.3451633453, 4.09327173233
                ],
                [
                    37.1841888428, -86.4959869385, 105.857826233, -23.0739898682, -14.0283851624,
                    -3.65749955177, 41.5967750549, 118.864807129, 26.1554355621, 10.6757688522,
                    -16.539598465, 4.08143186569, -10.8688440323
                ],
                [
                    -567.166137695, 26.7888469696, 37.2358398438, 63.996723175, 48.9217910767,
                    -1.78179621696, -17.7371234894, 26.1554355621, 144.519500732, 38.2248764038,
                    14.1014442444, -19.2677078247, -16.3665313721
                ],
                [
                    -28.6442966461, -54.0168952942, 17.6995315552, 3.29187631607, 12.8325939178,
                    18.0638198853, -20.6246147156, 10.6757688522, 38.2248764038, 71.7378005981,
                    22.4754161835, -7.52344846725, -12.9386377335
                ],
                [
                    -321.289215088, 8.87089443207, 20.2043571472, -0.554755866528, 15.1963434219,
                    18.3539047241, 12.5741519928, -16.539598465, 14.1014442444, 22.4754161835,
                    69.6311340332, 20.3711910248, 0.124839089811
                ],
                [
                    -87.1232910156, -32.9790916443, 52.2406616211, -39.9095497131, 4.68217229843,
                    -28.2753124237, 20.3451633453, 4.08143186569, -19.2677078247, -7.52344846725,
                    20.3711910248, 64.5957946777, 17.8332576752
                ],
                [
                    -45.6894683838, 69.6762008667, -77.5010452271, 52.6973266602, -5.78475809097,
                    -6.80602169037, 4.09327173233, -10.8688440323, -16.3665313721, -12.9386377335,
                    0.124839089811, 17.8332576752, 74.2438583374
                ]
            ],
            "icov": [
                [
                    0.0000993098728941, -0.000141681302921, 0.0000869278301252, -0.0000519731947861,
                    0.000230891557294, -0.0000721521573723, 0.000231976344367, -0.000244951224886,
                    0.000467016099719, -0.000345477717929, 0.00042010564357, -0.000289456394967,
                    0.00039600188029
                ],
                [
                    -0.000141681302921, 0.00169001263566, 0.000547954987269, -0.000291147996904,
                    -0.000282996770693, 0.00102311384398, -0.00059195276117, 0.000679021293763,
                    -0.00120282825083, 0.00174122559838, -0.00166572711896, 0.00129518669564,
                    -0.000960809760727
                ],
                [
                    0.0000869278301252, 0.000547954987269, 0.0017698496813, -0.000127833525767,
                    -0.000532035948709, 0.00080355105456, 0.000622608757112, -0.00154973613098,
                    0.000386218249332, 0.00056181801483, -0.000773809792008, -0.000848352268804,
                    0.00163661467377
                ],
                [
                    -0.0000519731947861, -0.000291147996904, -0.000127833525767, 0.00268384674564,
                    -0.000697285169736, -0.000214883635635, -0.000279973377474, 0.000381949503208,
                    -0.00122645217925, 0.000169914143044, -0.000170920407982, 0.00196477025747,
                    -0.00251222564839
                ],
                [
                    0.000230891557294, -0.000282996770693, -0.000532035948709, -0.000697285169736,
                    0.00772302597761, -0.00228222343139, -0.00181133823935, 0.00278294621967,
                    -0.00210158480331, -0.00162473227829, 0.00301101105288, -0.00310616916977,
                    0.00124163273722
                ],
                [
                    -0.0000721521573723, 0.00102311384398, 0.00080355105456, -0.000214883635635,
                    -0.00228222343139, 0.00576509675011, 0.000962894642726, -0.00151289976202,
                    0.00127805199008, 0.000912649848033, -0.00397206423804, 0.00398737797514,
                    -0.000447436032118
                ],
                [
                    0.000231976344367, -0.00059195276117, 0.000622608757112, -0.000279973377474,
                    -0.00181133823935, 0.000962894642726, 0.0077827423811, -0.00512267602608,
                    0.00335098989308, 0.0018279121723, -0.00260538235307, -0.000628312991466,
                    0.0015276191989
                ],
                [
                    -0.000244951224886, 0.000679021293763, -0.00154973613098, 0.000381949503208,
                    0.00278294621967, -0.00151289976202, -0.00512267602608, 0.0147174419835,
                    -0.00548414606601, -0.00239877146669, 0.00595307396725, -0.00211081281304,
                    -0.00129167677369
                ],
                [
                    0.000467016099719, -0.00120282825083, 0.000386218249332, -0.00122645217925,
                    -0.00210158480331, 0.00127805199008, 0.00335098989308, -0.00548414606601,
                    0.013628221117, -0.00496619520709, -0.00132853409741, 0.00193422741722,
                    0.00333213992417
                ],
                [
                    -0.000345477717929, 0.00174122559838, 0.00056181801483, 0.000169914143044,
                    -0.00162473227829, 0.000912649848033, 0.0018279121723, -0.00239877146669,
                    -0.00496619520709, 0.0222172755748, -0.0102621195838, 0.00455799605697,
                    -0.000176193949301
                ],
                [
                    0.00042010564357, -0.00166572711896, -0.000773809792008, -0.000170920407982,
                    0.00301101105288, -0.00397206423804, -0.00260538235307, 0.00595307396725,
                    -0.00132853409741, -0.0102621195838, 0.0260497517884, -0.0118390806019,
                    0.00273961387575
                ],
                [
                    -0.000289456394967, 0.00129518669564, -0.000848352268804, 0.00196477025747,
                    -0.00310616916977, 0.00398737797514, -0.000628312991466, -0.00211081281304,
                    0.00193422741722, 0.00455799605697, -0.0118390806019, 0.0273199938238,
                    -0.00914622843266
                ],
                [
                    0.00039600188029, -0.000960809760727, 0.00163661467377, -0.00251222564839,
                    0.00124163273722, -0.000447436032118, 0.0015276191989, -0.00129167677369,
                    0.00333213992417, -0.000176193949301, 0.00273961387575, -0.00914622843266,
                    0.0207846388221
                ]
            ],
            "mean": [
                34.9484519958, 53.6707191467, -80.1442871094, 60.1285820007, -40.4874801636,
                14.1641235352, -20.9512138367, 16.1145896912, -21.8846569061, 3.05020594597,
                -22.427438736, 0.845953166485, -9.44348812103
            ]
        },
        "mfcc": {
            "cov": [
                [
                    8833.92382812, 488.599731445, -183.917419434, -197.932327271, -130.836029053,
                    -111.944038391, -35.1335296631, -99.3715286255, -31.5698070526, -43.9826431274,
                    -227.167312622, -101.979133606, -61.2795295715
                ],
                [
                    488.599731445, 783.920471191, -118.53768158, 128.366607666, -78.100769043,
                    -35.3336868286, -11.0303163528, 5.70435857773, 8.06200790405, -50.7172546387,
                    -11.4172458649, 21.6177330017, -40.7586593628
                ],
                [
                    -183.917419434, -118.53768158, 572.972473145, 62.1342658997, 92.4447402954,
                    -54.9313278198, -14.5084447861, 42.5081214905, -0.878677308559, 22.268239975,
                    54.2557563782, 13.0284919739, 25.5068244934
                ],
                [
                    -197.932327271, 128.366607666, 62.1342658997, 418.273925781, 34.19871521,
                    13.8854885101, -8.15661430359, 13.4556779861, 61.1796112061, -5.59776067734,
                    -2.06966209412, -13.5258836746, 8.59418487549
                ],
                [
                    -130.836029053, -78.100769043, 92.4447402954, 34.19871521, 208.83354187,
                    92.5964660645, -34.5414505005, -4.80439662933, 0.677161693573, 47.8776473999,
                    24.3359336853, 15.3817310333, 16.9144382477
                ],
                [
                    -111.944038391, -35.3336868286, -54.9313278198, 13.8854885101, 92.5964660645,
                    183.734786987, 39.5658340454, 3.56300401688, -14.1840467453, 29.5791320801,
                    10.1053152084, 1.7531017065, 4.24787139893
                ],
                [
                    -35.1335296631, -11.0303163528, -14.5084447861, -8.15661430359, -34.5414505005,
                    39.5658340454, 154.779983521, 50.5201530457, 14.1018877029, -26.3469200134,
                    -5.04444265366, -3.83901500702, 2.07912921906
                ],
                [
                    -99.3715286255, 5.70435857773, 42.5081214905, 13.4556779861, -4.80439662933,
                    3.56300401688, 50.5201530457, 95.5538406372, 35.0009002686, 0.285142332315,
                    7.42012786865, 3.23796129227, 4.62632846832
                ],
                [
                    -31.5698070526, 8.06200790405, -0.878677308559, 61.1796112061, 0.677161693573,
                    -14.1840467453, 14.1018877029, 35.0009002686, 87.6897201538, 28.8093662262,
                    6.7997918129, -2.34244060516, 4.53625869751
                ],
                [
                    -43.9826431274, -50.7172546387, 22.268239975, -5.59776067734, 47.8776473999,
                    29.5791320801, -26.3469200134, 0.285142332315, 28.8093662262, 93.9258804321,
                    37.2328834534, 8.56296730042, 5.14621400833
                ],
                [
                    -227.167312622, -11.4172458649, 54.2557563782, -2.06966209412, 24.3359336853,
                    10.1053152084, -5.04444265366, 7.42012786865, 6.7997918129, 37.2328834534,
                    94.1794815063, 40.0473518372, 5.39319038391
                ],
                [
                    -101.979133606, 21.6177330017, 13.0284919739, -13.5258836746, 15.3817310333,
                    1.7531017065, -3.83901500702, 3.23796129227, -2.34244060516, 8.56296730042,
                    40.0473518372, 67.5277938843, 19.5574798584
                ],
                [
                    -61.2795295715, -40.7586593628, 25.5068244934, 8.59418487549, 16.9144382477,
                    4.24787139893, 2.07912921906, 4.62632846832, 4.53625869751, 5.14621400833,
                    5.39319038391, 19.5574798584, 54.8049507141
                ]
            ],
            "icov": [
                [
                    0.000131381937535, -0.000106255487481, -0.0000245775081567, 0.0000973221976892,
                    -0.00000256791895481, 0.000054680811445, -0.0000461628987978, 0.000145745274494,
                    -0.0000309244023811, -0.00014203171304, 0.000332103256369, 0.0000630803915556,
                    0.0000107648920675
                ],
                [
                    -0.000106255487481, 0.00172126875259, 0.000320871127769, -0.000721607066225,
                    0.000447945843916, -0.00000748857655708, 0.000408216001233, -0.000505554489791,
                    0.00010418400052, 0.000690079934429, -0.0000485861710331, -0.00145140301902,
                    0.00146394886542
                ],
                [
                    -0.0000245775081567, 0.000320871127769, 0.00266144960187, -0.0006291201571,
                    -0.00182384473737, 0.00224170531146, -0.00047764822375, -0.00161177234259,
                    0.00183301023208, -0.000411357410485, -0.00152262230404, 0.000833990052342,
                    -0.000646414002404
                ],
                [
                    0.0000973221976892, -0.000721607066225, -0.0006291201571, 0.00336087681353,
                    -0.000259373948211, -0.00105201557744, 0.000644132203888, 0.000862428802066,
                    -0.00331719848327, 0.00167388631962, -0.000197395711439, 0.00131315190811,
                    -0.000929514470045
                ],
                [
                    -0.00000256791895481, 0.000447945843916, -0.00182384473737, -0.000259373948211,
                    0.00920587405562, -0.00570259615779, 0.00317562161945, 0.000292388460366,
                    -0.00122484727763, -0.00109905493446, 0.000819315435365, -0.00186363537796,
                    -0.000535574159585
                ],
                [
                    0.000054680811445, -0.00000748857655708, 0.00224170531146, -0.00105201557744,
                    -0.00570259615779, 0.0112305972725, -0.00486336182803, -0.000809543940704,
                    0.00515445927158, -0.00410991441458, -0.000338148180163, 0.00113933498506,
                    -0.0000944332205108
                ],
                [
                    -0.0000461628987978, 0.000408216001233, -0.00047764822375, 0.000644132203888,
                    0.00317562161945, -0.00486336182803, 0.0108036082238, -0.004256806802,
                    -0.00273526925594, 0.00446015363559, -0.000769243051764, 0.000170345520019,
                    -0.000457887625089
                ],
                [
                    0.000145745274494, -0.000505554489791, -0.00161177234259, 0.000862428802066,
                    0.000292388460366, -0.000809543940704, -0.004256806802, 0.0160455387086,
                    -0.00678089167923, 0.00123253127094, -0.00000692877665642, -0.000525138631929,
                    -0.000184995413292
                ],
                [
                    -0.0000309244023811, 0.00010418400052, 0.00183301023208, -0.00331719848327,
                    -0.00122484727763, 0.00515445927158, -0.00273526925594, -0.00678089167923,
                    0.0206753350794, -0.00897961761802, 0.000671227986459, 0.000936182623263,
                    -0.000903597683646
                ],
                [
                    -0.00014203171304, 0.000690079934429, -0.000411357410485, 0.00167388631962,
                    -0.00109905493446, -0.00410991441458, 0.00446015363559, 0.00123253127094,
                    -0.00897961761802, 0.0196557715535, -0.00709460536018, 0.00207203882746,
                    -0.000475822918816
                ],
                [
                    0.000332103256369, -0.0000485861710331, -0.00152262230404, -0.000197395711439,
                    0.000819315435365, -0.000338148180163, -0.000769243051764, -0.00000692877665642,
                    0.000671227986459, -0.00709460536018, 0.0192976836115, -0.0109882801771,
                    0.00351075199433
                ],
                [
                    0.0000630803915556, -0.00145140301902, 0.000833990052342, 0.00131315190811,
                    -0.00186363537796, 0.00113933498506, 0.000170345520019, -0.000525138631929,
                    0.000936182623263, 0.00207203882746, -0.0109882801771, 0.0248311217874,
                    -0.00913008581847
                ],
                [
                    0.0000107648920675, 0.00146394886542, -0.000646414002404, -0.000929514470045,
                    -0.000535574159585, -0.0000944332205108, -0.000457887625089, -0.000184995413292,
                    -0.000903597683646, -0.000475822918816, 0.00351075199433, -0.00913008581847,
                    0.0230316333473
                ]
            ],
            "mean": [
                -612.303894043, 85.3997802734, 21.7601604462, 51.763507843, 9.76949977875,
                11.7746009827, 11.0798845291, 11.7886610031, 13.9812507629, 3.2127840519,
                0.24224846065, 0.220183476806, 0.817614793777
            ]
        },
        "erbbands": {
            "max": [
                10.5630245209, 126.995788574, 250.231399536, 166.710372925, 155.750717163,
                253.852294922, 497.169189453, 1073.16699219, 314.989807129, 552.020812988,
                734.769897461, 902.145263672, 990.3515625, 1047.05334473, 964.944824219,
                981.830078125, 708.381164551, 335.671508789, 529.728515625, 864.83404541,
                626.705871582, 647.269958496, 268.909698486, 254.570953369, 619.047424316,
                429.688995361, 400.83605957, 390.882354736, 566.473388672, 510.93850708,
                646.859191895, 245.031341553, 318.851287842, 218.476409912, 154.489089966,
                105.531311035, 27.1377677917, 6.56262254715, 1.17698657513, 0.0443606674671
            ],
            "min": [
                0.00000000000000000000295592446635, 0.00000000000000000000815513973183,
                0.00000000000000000000923599418159, 0.0000000000000000000705905724242,
                0.0000000000000000000826498705536, 0.0000000000000000000273888354234,
                0.000000000000000000162711984109, 0.000000000000000000334964772801,
                0.000000000000000000156464495737, 0.000000000000000000468041176158,
                0.000000000000000000985658491751, 0.000000000000000000765992201486,
                0.00000000000000000283653446255, 0.00000000000000000323945351854,
                0.00000000000000000221037031937, 0.00000000000000000290605320277,
                0.00000000000000000303702877416, 0.00000000000000000836187864961,
                0.00000000000000000801284565424, 0.0000000000000000171902788929,
                0.00000000000000000748893509685, 0.00000000000000000561987997094,
                0.00000000000000000918149634982, 0.0000000000000000129411091617,
                0.0000000000000000166122781681, 0.000000000000000014401340196,
                0.0000000000000000134846057016, 0.0000000000000000163498054879,
                0.0000000000000000161230818994, 0.0000000000000000252765169742,
                0.000000000000000016198578674, 0.0000000000000000116295233106,
                0.0000000000000000154880884304, 0.0000000000000000128273635556,
                0.0000000000000000149504673544, 0.00000000000000000672816633414,
                0.00000000000000000323459176449, 0.0000000000000000011266070696,
                0.000000000000000000302467379774, 0.0000000000000000000323856364022
            ],
            "var": [
                0.530424296856, 82.2376403809, 467.761779785, 267.298950195, 131.199478149,
                237.731246948, 544.313293457, 1055.95214844, 302.239471436, 1513.1151123,
                1895.77893066, 1945.93310547, 2512.37817383, 2494.37109375, 4104.96191406,
                1262.63757324, 3786.99291992, 625.610107422, 2026.70080566, 6042.25439453,
                3245.8815918, 1291.96142578, 519.450073242, 402.724182129, 1097.87072754,
                1226.35131836, 483.479705811, 816.560119629, 507.90713501, 229.773773193,
                150.083099365, 75.2306365967, 66.0724563599, 50.7824783325, 24.0335845947,
                9.6385011673, 1.27409934998, 0.0662134587765, 0.00105160591193, 0.00000269770271188
            ],
            "dvar": [
                0.586481511593, 89.3585968018, 545.291442871, 203.275970459, 122.555091858,
                286.725280762, 344.598999023, 783.46081543, 307.362701416, 1134.2154541,
                1284.65209961, 1303.27062988, 1444.47583008, 1630.02404785, 1931.02624512,
                749.060791016, 1538.4597168, 290.965667725, 852.307067871, 2849.36279297,
                1349.57922363, 698.698608398, 288.118469238, 268.575622559, 771.634277344,
                606.694702148, 234.503768921, 612.371643066, 424.703765869, 210.112747192,
                165.496368408, 75.4287643433, 82.638458252, 58.2969665527, 27.6387062073,
                12.1760168076, 1.24674832821, 0.0583796426654, 0.00115587876644, 0.00000265929293164
            ],
            "mean": [
                0.518126010895, 6.32908916473, 15.9077939987, 14.56590271, 9.78532505035,
                9.58111286163, 9.08627414703, 10.4463939667, 8.58263301849, 14.2054319382,
